Id:ID¿Type¿SubType¿FunctionContext¿IdentifierName¿Raw¿InternalStructure¿Location¿Code¿Label:LABEL
284¿Program¿¿-1¿¿¿¿{"start":{"line":1,"column":0},"end":{"line":31,"column":3},"fname":"/Users/elza/Documents/MDP/Js_files/path-traversal/intsol-package_1.0.0/intsol-package.test.js"}¿¿Program
285¿VariableDeclarator¿¿470¿v23¿¿¿{"start":{"line":1,"column":15},"end":{"line":1,"column":39},"fname":"/Users/elza/Documents/MDP/Js_files/path-traversal/intsol-package_1.0.0/intsol-package.test.js"}¿¿VariableDeclarator
286¿CallExpression¿¿470¿¿¿¿{"start":{"line":1,"column":15},"end":{"line":1,"column":39},"fname":"/Users/elza/Documents/MDP/Js_files/path-traversal/intsol-package_1.0.0/intsol-package.test.js"}¿¿CallExpression
287¿Identifier¿¿470¿require¿¿¿{"start":{"line":1,"column":15},"end":{"line":1,"column":22},"fname":"/Users/elza/Documents/MDP/Js_files/path-traversal/intsol-package_1.0.0/intsol-package.test.js"}¿¿Identifier
288¿Literal¿string¿470¿¿'child_process'¿¿{"start":{"line":1,"column":23},"end":{"line":1,"column":38},"fname":"/Users/elza/Documents/MDP/Js_files/path-traversal/intsol-package_1.0.0/intsol-package.test.js"}¿¿Literal
289¿VariableDeclarator¿¿470¿execSync¿¿¿{"start":{"line":1,"column":4},"end":{"line":1,"column":48},"fname":"/Users/elza/Documents/MDP/Js_files/path-traversal/intsol-package_1.0.0/intsol-package.test.js"}¿¿VariableDeclarator
290¿MemberExpression¿¿470¿¿¿¿{"start":{"line":1,"column":15},"end":{"line":1,"column":48},"fname":"/Users/elza/Documents/MDP/Js_files/path-traversal/intsol-package_1.0.0/intsol-package.test.js"}¿¿MemberExpression
291¿Identifier¿¿470¿v23¿¿¿¿¿Identifier
292¿Identifier¿¿470¿execSync¿¿¿{"start":{"line":1,"column":40},"end":{"line":1,"column":48},"fname":"/Users/elza/Documents/MDP/Js_files/path-traversal/intsol-package_1.0.0/intsol-package.test.js"}¿¿Identifier
293¿VariableDeclarator¿¿470¿v25¿¿¿{"start":{"line":2,"column":9},"end":{"line":6,"column":1},"fname":"/Users/elza/Documents/MDP/Js_files/path-traversal/intsol-package_1.0.0/intsol-package.test.js"}¿¿VariableDeclarator
294¿ArrowFunctionExpression¿¿470¿¿¿¿{"start":{"line":2,"column":9},"end":{"line":6,"column":1},"fname":"/Users/elza/Documents/MDP/Js_files/path-traversal/intsol-package_1.0.0/intsol-package.test.js"}¿¿ArrowFunctionExpression
295¿TryStatement¿¿472¿¿¿¿{"start":{"line":3,"column":2},"end":{"line":5,"column":16},"fname":"/Users/elza/Documents/MDP/Js_files/path-traversal/intsol-package_1.0.0/intsol-package.test.js"}¿¿TryStatement
296¿VariableDeclarator¿¿472¿v24¿¿¿{"start":{"line":4,"column":4},"end":{"line":4,"column":33},"fname":"/Users/elza/Documents/MDP/Js_files/path-traversal/intsol-package_1.0.0/intsol-package.test.js"}¿¿VariableDeclarator
297¿CallExpression¿¿472¿¿¿¿{"start":{"line":4,"column":4},"end":{"line":4,"column":33},"fname":"/Users/elza/Documents/MDP/Js_files/path-traversal/intsol-package_1.0.0/intsol-package.test.js"}¿¿CallExpression
298¿Identifier¿¿472¿execSync¿¿¿{"start":{"line":4,"column":4},"end":{"line":4,"column":12},"fname":"/Users/elza/Documents/MDP/Js_files/path-traversal/intsol-package_1.0.0/intsol-package.test.js"}¿¿Identifier
299¿Literal¿string¿472¿¿'fuser -k 9000/tcp'¿¿{"start":{"line":4,"column":13},"end":{"line":4,"column":32},"fname":"/Users/elza/Documents/MDP/Js_files/path-traversal/intsol-package_1.0.0/intsol-package.test.js"}¿¿Literal
300¿ExpressionStatement¿¿472¿¿¿¿{"start":{"line":4,"column":4},"end":{"line":4,"column":34},"fname":"/Users/elza/Documents/MDP/Js_files/path-traversal/intsol-package_1.0.0/intsol-package.test.js"}¿¿ExpressionStatement
301¿Identifier¿¿472¿v24¿¿¿¿¿Identifier
302¿BlockStatement¿¿472¿¿¿¿{"start":{"line":3,"column":6},"end":{"line":5,"column":3},"fname":"/Users/elza/Documents/MDP/Js_files/path-traversal/intsol-package_1.0.0/intsol-package.test.js"}¿¿BlockStatement
303¿CatchClause¿¿472¿¿¿¿{"start":{"line":5,"column":4},"end":{"line":5,"column":16},"fname":"/Users/elza/Documents/MDP/Js_files/path-traversal/intsol-package_1.0.0/intsol-package.test.js"}¿¿CatchClause
304¿BlockStatement¿¿472¿¿¿¿{"start":{"line":5,"column":14},"end":{"line":5,"column":16},"fname":"/Users/elza/Documents/MDP/Js_files/path-traversal/intsol-package_1.0.0/intsol-package.test.js"}¿¿BlockStatement
305¿Identifier¿¿472¿e¿¿¿{"start":{"line":5,"column":11},"end":{"line":5,"column":12},"fname":"/Users/elza/Documents/MDP/Js_files/path-traversal/intsol-package_1.0.0/intsol-package.test.js"}¿¿Identifier
306¿BlockStatement¿¿472¿¿¿¿{"start":{"line":2,"column":15},"end":{"line":6,"column":1},"fname":"/Users/elza/Documents/MDP/Js_files/path-traversal/intsol-package_1.0.0/intsol-package.test.js"}¿¿BlockStatement
307¿VariableDeclarator¿¿470¿v26¿¿¿{"start":{"line":2,"column":0},"end":{"line":6,"column":2},"fname":"/Users/elza/Documents/MDP/Js_files/path-traversal/intsol-package_1.0.0/intsol-package.test.js"}¿¿VariableDeclarator
308¿CallExpression¿¿470¿¿¿¿{"start":{"line":2,"column":0},"end":{"line":6,"column":2},"fname":"/Users/elza/Documents/MDP/Js_files/path-traversal/intsol-package_1.0.0/intsol-package.test.js"}¿¿CallExpression
309¿Identifier¿¿470¿afterAll¿¿¿{"start":{"line":2,"column":0},"end":{"line":2,"column":8},"fname":"/Users/elza/Documents/MDP/Js_files/path-traversal/intsol-package_1.0.0/intsol-package.test.js"}¿¿Identifier
310¿Identifier¿¿470¿v25¿¿¿¿¿Identifier
311¿ExpressionStatement¿¿470¿¿¿¿{"start":{"line":2,"column":0},"end":{"line":6,"column":3},"fname":"/Users/elza/Documents/MDP/Js_files/path-traversal/intsol-package_1.0.0/intsol-package.test.js"}¿¿ExpressionStatement
312¿Identifier¿¿470¿v26¿¿¿¿¿Identifier
313¿VariableDeclarator¿¿470¿path¿¿¿{"start":{"line":7,"column":6},"end":{"line":7,"column":28},"fname":"/Users/elza/Documents/MDP/Js_files/path-traversal/intsol-package_1.0.0/intsol-package.test.js"}¿¿VariableDeclarator
314¿CallExpression¿¿470¿¿¿¿{"start":{"line":7,"column":13},"end":{"line":7,"column":28},"fname":"/Users/elza/Documents/MDP/Js_files/path-traversal/intsol-package_1.0.0/intsol-package.test.js"}¿¿CallExpression
315¿Identifier¿¿470¿require¿¿¿{"start":{"line":7,"column":13},"end":{"line":7,"column":20},"fname":"/Users/elza/Documents/MDP/Js_files/path-traversal/intsol-package_1.0.0/intsol-package.test.js"}¿¿Identifier
316¿Literal¿string¿470¿¿'path'¿¿{"start":{"line":7,"column":21},"end":{"line":7,"column":27},"fname":"/Users/elza/Documents/MDP/Js_files/path-traversal/intsol-package_1.0.0/intsol-package.test.js"}¿¿Literal
317¿VariableDeclarator¿¿470¿v27¿¿¿{"start":{"line":8,"column":6},"end":{"line":8,"column":34},"fname":"/Users/elza/Documents/MDP/Js_files/path-traversal/intsol-package_1.0.0/intsol-package.test.js"}¿¿VariableDeclarator
318¿CallExpression¿¿470¿¿¿¿{"start":{"line":8,"column":18},"end":{"line":8,"column":34},"fname":"/Users/elza/Documents/MDP/Js_files/path-traversal/intsol-package_1.0.0/intsol-package.test.js"}¿¿CallExpression
319¿Identifier¿¿470¿require¿¿¿{"start":{"line":8,"column":18},"end":{"line":8,"column":25},"fname":"/Users/elza/Documents/MDP/Js_files/path-traversal/intsol-package_1.0.0/intsol-package.test.js"}¿¿Identifier
320¿Literal¿string¿470¿¿'sleep'¿¿{"start":{"line":8,"column":26},"end":{"line":8,"column":33},"fname":"/Users/elza/Documents/MDP/Js_files/path-traversal/intsol-package_1.0.0/intsol-package.test.js"}¿¿Literal
321¿VariableDeclarator¿¿470¿sleep¿¿¿{"start":{"line":8,"column":8},"end":{"line":8,"column":13},"fname":"/Users/elza/Documents/MDP/Js_files/path-traversal/intsol-package_1.0.0/intsol-package.test.js"}¿¿VariableDeclarator
322¿MemberExpression¿¿470¿¿¿¿{"start":{"line":8,"column":8},"end":{"line":8,"column":13},"fname":"/Users/elza/Documents/MDP/Js_files/path-traversal/intsol-package_1.0.0/intsol-package.test.js"}¿¿MemberExpression
323¿Identifier¿¿470¿v27¿¿¿¿¿Identifier
324¿Identifier¿¿470¿sleep¿¿¿{"start":{"line":8,"column":8},"end":{"line":8,"column":13},"fname":"/Users/elza/Documents/MDP/Js_files/path-traversal/intsol-package_1.0.0/intsol-package.test.js"}¿¿Identifier
325¿VariableDeclarator¿¿470¿pathToFlag¿¿¿{"start":{"line":9,"column":6},"end":{"line":9,"column":58},"fname":"/Users/elza/Documents/MDP/Js_files/path-traversal/intsol-package_1.0.0/intsol-package.test.js"}¿¿VariableDeclarator
326¿CallExpression¿¿470¿¿¿¿{"start":{"line":9,"column":19},"end":{"line":9,"column":58},"fname":"/Users/elza/Documents/MDP/Js_files/path-traversal/intsol-package_1.0.0/intsol-package.test.js"}¿¿CallExpression
327¿MemberExpression¿¿470¿¿¿¿{"start":{"line":9,"column":19},"end":{"line":9,"column":31},"fname":"/Users/elza/Documents/MDP/Js_files/path-traversal/intsol-package_1.0.0/intsol-package.test.js"}¿¿MemberExpression
328¿Identifier¿¿470¿path¿¿¿{"start":{"line":9,"column":19},"end":{"line":9,"column":23},"fname":"/Users/elza/Documents/MDP/Js_files/path-traversal/intsol-package_1.0.0/intsol-package.test.js"}¿¿Identifier
329¿Identifier¿¿470¿resolve¿¿¿{"start":{"line":9,"column":24},"end":{"line":9,"column":31},"fname":"/Users/elza/Documents/MDP/Js_files/path-traversal/intsol-package_1.0.0/intsol-package.test.js"}¿¿Identifier
330¿Identifier¿¿470¿__dirname¿¿¿{"start":{"line":9,"column":32},"end":{"line":9,"column":41},"fname":"/Users/elza/Documents/MDP/Js_files/path-traversal/intsol-package_1.0.0/intsol-package.test.js"}¿¿Identifier
331¿Literal¿string¿470¿¿'../flag.html'¿¿{"start":{"line":9,"column":43},"end":{"line":9,"column":57},"fname":"/Users/elza/Documents/MDP/Js_files/path-traversal/intsol-package_1.0.0/intsol-package.test.js"}¿¿Literal
332¿VariableDeclarator¿¿470¿genstr¿¿¿{"start":{"line":10,"column":0},"end":{"line":12,"column":1},"fname":"/Users/elza/Documents/MDP/Js_files/path-traversal/intsol-package_1.0.0/intsol-package.test.js"}¿¿VariableDeclarator
333¿FunctionExpression¿¿470¿anon¿¿¿{"start":{"line":10,"column":0},"end":{"line":12,"column":1},"fname":"/Users/elza/Documents/MDP/Js_files/path-traversal/intsol-package_1.0.0/intsol-package.test.js"}¿¿FunctionExpression
334¿Identifier¿¿0¿n¿¿¿{"start":{"line":10,"column":16},"end":{"line":10,"column":17},"fname":"/Users/elza/Documents/MDP/Js_files/path-traversal/intsol-package_1.0.0/intsol-package.test.js"}¿¿Identifier
335¿VariableDeclarator¿¿475¿v28¿¿¿{"start":{"line":11,"column":9},"end":{"line":11,"column":25},"fname":"/Users/elza/Documents/MDP/Js_files/path-traversal/intsol-package_1.0.0/intsol-package.test.js"}¿¿VariableDeclarator
336¿CallExpression¿¿475¿¿¿¿{"start":{"line":11,"column":9},"end":{"line":11,"column":25},"fname":"/Users/elza/Documents/MDP/Js_files/path-traversal/intsol-package_1.0.0/intsol-package.test.js"}¿¿CallExpression
337¿MemberExpression¿¿475¿¿¿¿{"start":{"line":11,"column":9},"end":{"line":11,"column":21},"fname":"/Users/elza/Documents/MDP/Js_files/path-traversal/intsol-package_1.0.0/intsol-package.test.js"}¿¿MemberExpression
338¿Literal¿string¿475¿¿'/..'¿¿{"start":{"line":11,"column":9},"end":{"line":11,"column":14},"fname":"/Users/elza/Documents/MDP/Js_files/path-traversal/intsol-package_1.0.0/intsol-package.test.js"}¿¿Literal
339¿Identifier¿¿475¿repeat¿¿¿{"start":{"line":11,"column":15},"end":{"line":11,"column":21},"fname":"/Users/elza/Documents/MDP/Js_files/path-traversal/intsol-package_1.0.0/intsol-package.test.js"}¿¿Identifier
340¿Literal¿number¿475¿¿50¿¿{"start":{"line":11,"column":22},"end":{"line":11,"column":24},"fname":"/Users/elza/Documents/MDP/Js_files/path-traversal/intsol-package_1.0.0/intsol-package.test.js"}¿¿Literal
341¿VariableDeclarator¿¿475¿v29¿¿¿{"start":{"line":11,"column":9},"end":{"line":11,"column":38},"fname":"/Users/elza/Documents/MDP/Js_files/path-traversal/intsol-package_1.0.0/intsol-package.test.js"}¿¿VariableDeclarator
342¿BinaryExpression¿+¿475¿¿¿¿{"start":{"line":11,"column":9},"end":{"line":11,"column":38},"fname":"/Users/elza/Documents/MDP/Js_files/path-traversal/intsol-package_1.0.0/intsol-package.test.js"}¿¿BinaryExpression
343¿Identifier¿¿475¿v28¿¿¿¿¿Identifier
344¿Identifier¿¿475¿pathToFlag¿¿¿{"start":{"line":11,"column":28},"end":{"line":11,"column":38},"fname":"/Users/elza/Documents/MDP/Js_files/path-traversal/intsol-package_1.0.0/intsol-package.test.js"}¿¿Identifier
345¿ReturnStatement¿¿475¿¿¿¿{"start":{"line":11,"column":2},"end":{"line":11,"column":39},"fname":"/Users/elza/Documents/MDP/Js_files/path-traversal/intsol-package_1.0.0/intsol-package.test.js"}¿¿ReturnStatement
346¿Identifier¿¿475¿v29¿¿¿¿¿Identifier
347¿BlockStatement¿¿475¿¿¿¿{"start":{"line":10,"column":19},"end":{"line":12,"column":1},"fname":"/Users/elza/Documents/MDP/Js_files/path-traversal/intsol-package_1.0.0/intsol-package.test.js"}¿¿BlockStatement
348¿VariableDeclarator¿¿470¿v43¿¿¿{"start":{"line":13,"column":41},"end":{"line":31,"column":1},"fname":"/Users/elza/Documents/MDP/Js_files/path-traversal/intsol-package_1.0.0/intsol-package.test.js"}¿¿VariableDeclarator
349¿ArrowFunctionExpression¿¿470¿¿¿¿{"start":{"line":13,"column":41},"end":{"line":31,"column":1},"fname":"/Users/elza/Documents/MDP/Js_files/path-traversal/intsol-package_1.0.0/intsol-package.test.js"}¿¿ArrowFunctionExpression
350¿Identifier¿¿0¿done¿¿¿{"start":{"line":13,"column":42},"end":{"line":13,"column":46},"fname":"/Users/elza/Documents/MDP/Js_files/path-traversal/intsol-package_1.0.0/intsol-package.test.js"}¿¿Identifier
351¿VariableDeclarator¿¿477¿v30¿¿¿{"start":{"line":14,"column":2},"end":{"line":14,"column":22},"fname":"/Users/elza/Documents/MDP/Js_files/path-traversal/intsol-package_1.0.0/intsol-package.test.js"}¿¿VariableDeclarator
352¿CallExpression¿¿477¿¿¿¿{"start":{"line":14,"column":2},"end":{"line":14,"column":22},"fname":"/Users/elza/Documents/MDP/Js_files/path-traversal/intsol-package_1.0.0/intsol-package.test.js"}¿¿CallExpression
353¿MemberExpression¿¿477¿¿¿¿{"start":{"line":14,"column":2},"end":{"line":14,"column":19},"fname":"/Users/elza/Documents/MDP/Js_files/path-traversal/intsol-package_1.0.0/intsol-package.test.js"}¿¿MemberExpression
354¿Identifier¿¿477¿expect¿¿¿{"start":{"line":14,"column":2},"end":{"line":14,"column":8},"fname":"/Users/elza/Documents/MDP/Js_files/path-traversal/intsol-package_1.0.0/intsol-package.test.js"}¿¿Identifier
355¿Identifier¿¿477¿assertions¿¿¿{"start":{"line":14,"column":9},"end":{"line":14,"column":19},"fname":"/Users/elza/Documents/MDP/Js_files/path-traversal/intsol-package_1.0.0/intsol-package.test.js"}¿¿Identifier
356¿Literal¿number¿477¿¿1¿¿{"start":{"line":14,"column":20},"end":{"line":14,"column":21},"fname":"/Users/elza/Documents/MDP/Js_files/path-traversal/intsol-package_1.0.0/intsol-package.test.js"}¿¿Literal
357¿ExpressionStatement¿¿477¿¿¿¿{"start":{"line":14,"column":2},"end":{"line":14,"column":23},"fname":"/Users/elza/Documents/MDP/Js_files/path-traversal/intsol-package_1.0.0/intsol-package.test.js"}¿¿ExpressionStatement
358¿Identifier¿¿477¿v30¿¿¿¿¿Identifier
359¿VariableDeclarator¿¿477¿fs¿¿¿{"start":{"line":15,"column":8},"end":{"line":15,"column":26},"fname":"/Users/elza/Documents/MDP/Js_files/path-traversal/intsol-package_1.0.0/intsol-package.test.js"}¿¿VariableDeclarator
360¿CallExpression¿¿477¿¿¿¿{"start":{"line":15,"column":13},"end":{"line":15,"column":26},"fname":"/Users/elza/Documents/MDP/Js_files/path-traversal/intsol-package_1.0.0/intsol-package.test.js"}¿¿CallExpression
361¿Identifier¿¿477¿require¿¿¿{"start":{"line":15,"column":13},"end":{"line":15,"column":20},"fname":"/Users/elza/Documents/MDP/Js_files/path-traversal/intsol-package_1.0.0/intsol-package.test.js"}¿¿Identifier
362¿Literal¿string¿477¿¿'fs'¿¿{"start":{"line":15,"column":21},"end":{"line":15,"column":25},"fname":"/Users/elza/Documents/MDP/Js_files/path-traversal/intsol-package_1.0.0/intsol-package.test.js"}¿¿Literal
363¿VariableDeclarator¿¿477¿sleep¿¿¿{"start":{"line":16,"column":8},"end":{"line":16,"column":32},"fname":"/Users/elza/Documents/MDP/Js_files/path-traversal/intsol-package_1.0.0/intsol-package.test.js"}¿¿VariableDeclarator
364¿CallExpression¿¿477¿¿¿¿{"start":{"line":16,"column":16},"end":{"line":16,"column":32},"fname":"/Users/elza/Documents/MDP/Js_files/path-traversal/intsol-package_1.0.0/intsol-package.test.js"}¿¿CallExpression
365¿Identifier¿¿477¿require¿¿¿{"start":{"line":16,"column":16},"end":{"line":16,"column":23},"fname":"/Users/elza/Documents/MDP/Js_files/path-traversal/intsol-package_1.0.0/intsol-package.test.js"}¿¿Identifier
366¿Literal¿string¿477¿¿'sleep'¿¿{"start":{"line":16,"column":24},"end":{"line":16,"column":31},"fname":"/Users/elza/Documents/MDP/Js_files/path-traversal/intsol-package_1.0.0/intsol-package.test.js"}¿¿Literal
367¿VariableDeclarator¿¿477¿v31¿¿¿{"start":{"line":17,"column":8},"end":{"line":17,"column":43},"fname":"/Users/elza/Documents/MDP/Js_files/path-traversal/intsol-package_1.0.0/intsol-package.test.js"}¿¿VariableDeclarator
368¿CallExpression¿¿477¿¿¿¿{"start":{"line":17,"column":19},"end":{"line":17,"column":43},"fname":"/Users/elza/Documents/MDP/Js_files/path-traversal/intsol-package_1.0.0/intsol-package.test.js"}¿¿CallExpression
369¿Identifier¿¿477¿require¿¿¿{"start":{"line":17,"column":19},"end":{"line":17,"column":26},"fname":"/Users/elza/Documents/MDP/Js_files/path-traversal/intsol-package_1.0.0/intsol-package.test.js"}¿¿Identifier
370¿Literal¿string¿477¿¿'child_process'¿¿{"start":{"line":17,"column":27},"end":{"line":17,"column":42},"fname":"/Users/elza/Documents/MDP/Js_files/path-traversal/intsol-package_1.0.0/intsol-package.test.js"}¿¿Literal
371¿VariableDeclarator¿¿477¿exec¿¿¿{"start":{"line":17,"column":10},"end":{"line":17,"column":14},"fname":"/Users/elza/Documents/MDP/Js_files/path-traversal/intsol-package_1.0.0/intsol-package.test.js"}¿¿VariableDeclarator
372¿MemberExpression¿¿477¿¿¿¿{"start":{"line":17,"column":10},"end":{"line":17,"column":14},"fname":"/Users/elza/Documents/MDP/Js_files/path-traversal/intsol-package_1.0.0/intsol-package.test.js"}¿¿MemberExpression
373¿Identifier¿¿477¿v31¿¿¿¿¿Identifier
374¿Identifier¿¿477¿exec¿¿¿{"start":{"line":17,"column":10},"end":{"line":17,"column":14},"fname":"/Users/elza/Documents/MDP/Js_files/path-traversal/intsol-package_1.0.0/intsol-package.test.js"}¿¿Identifier
375¿VariableDeclarator¿¿477¿v32¿¿¿{"start":{"line":18,"column":18},"end":{"line":18,"column":45},"fname":"/Users/elza/Documents/MDP/Js_files/path-traversal/intsol-package_1.0.0/intsol-package.test.js"}¿¿VariableDeclarator
376¿CallExpression¿¿477¿¿¿¿{"start":{"line":18,"column":18},"end":{"line":18,"column":45},"fname":"/Users/elza/Documents/MDP/Js_files/path-traversal/intsol-package_1.0.0/intsol-package.test.js"}¿¿CallExpression
377¿MemberExpression¿¿477¿¿¿¿{"start":{"line":18,"column":18},"end":{"line":18,"column":33},"fname":"/Users/elza/Documents/MDP/Js_files/path-traversal/intsol-package_1.0.0/intsol-package.test.js"}¿¿MemberExpression
378¿Identifier¿¿477¿fs¿¿¿{"start":{"line":18,"column":18},"end":{"line":18,"column":20},"fname":"/Users/elza/Documents/MDP/Js_files/path-traversal/intsol-package_1.0.0/intsol-package.test.js"}¿¿Identifier
379¿Identifier¿¿477¿readFileSync¿¿¿{"start":{"line":18,"column":21},"end":{"line":18,"column":33},"fname":"/Users/elza/Documents/MDP/Js_files/path-traversal/intsol-package_1.0.0/intsol-package.test.js"}¿¿Identifier
380¿Identifier¿¿477¿pathToFlag¿¿¿{"start":{"line":18,"column":34},"end":{"line":18,"column":44},"fname":"/Users/elza/Documents/MDP/Js_files/path-traversal/intsol-package_1.0.0/intsol-package.test.js"}¿¿Identifier
381¿VariableDeclarator¿¿477¿hostsFile¿¿¿{"start":{"line":18,"column":6},"end":{"line":18,"column":56},"fname":"/Users/elza/Documents/MDP/Js_files/path-traversal/intsol-package_1.0.0/intsol-package.test.js"}¿¿VariableDeclarator
382¿CallExpression¿¿477¿¿¿¿{"start":{"line":18,"column":18},"end":{"line":18,"column":56},"fname":"/Users/elza/Documents/MDP/Js_files/path-traversal/intsol-package_1.0.0/intsol-package.test.js"}¿¿CallExpression
383¿MemberExpression¿¿477¿¿¿¿{"start":{"line":18,"column":18},"end":{"line":18,"column":54},"fname":"/Users/elza/Documents/MDP/Js_files/path-traversal/intsol-package_1.0.0/intsol-package.test.js"}¿¿MemberExpression
384¿Identifier¿¿477¿v32¿¿¿¿¿Identifier
385¿Identifier¿¿477¿toString¿¿¿{"start":{"line":18,"column":46},"end":{"line":18,"column":54},"fname":"/Users/elza/Documents/MDP/Js_files/path-traversal/intsol-package_1.0.0/intsol-package.test.js"}¿¿Identifier
386¿VariableDeclarator¿¿477¿a¿¿¿{"start":{"line":19,"column":8},"end":{"line":19,"column":36},"fname":"/Users/elza/Documents/MDP/Js_files/path-traversal/intsol-package_1.0.0/intsol-package.test.js"}¿¿VariableDeclarator
387¿CallExpression¿¿477¿¿¿¿{"start":{"line":19,"column":12},"end":{"line":19,"column":36},"fname":"/Users/elza/Documents/MDP/Js_files/path-traversal/intsol-package_1.0.0/intsol-package.test.js"}¿¿CallExpression
388¿Identifier¿¿477¿require¿¿¿{"start":{"line":19,"column":12},"end":{"line":19,"column":19},"fname":"/Users/elza/Documents/MDP/Js_files/path-traversal/intsol-package_1.0.0/intsol-package.test.js"}¿¿Identifier
389¿Literal¿string¿477¿¿'child_process'¿¿{"start":{"line":19,"column":20},"end":{"line":19,"column":35},"fname":"/Users/elza/Documents/MDP/Js_files/path-traversal/intsol-package_1.0.0/intsol-package.test.js"}¿¿Literal
390¿TryStatement¿¿477¿¿¿¿{"start":{"line":20,"column":2},"end":{"line":22,"column":16},"fname":"/Users/elza/Documents/MDP/Js_files/path-traversal/intsol-package_1.0.0/intsol-package.test.js"}¿¿TryStatement
391¿VariableDeclarator¿¿477¿v33¿¿¿{"start":{"line":21,"column":36},"end":{"line":21,"column":44},"fname":"/Users/elza/Documents/MDP/Js_files/path-traversal/intsol-package_1.0.0/intsol-package.test.js"}¿¿VariableDeclarator
392¿ArrowFunctionExpression¿¿477¿¿¿¿{"start":{"line":21,"column":36},"end":{"line":21,"column":44},"fname":"/Users/elza/Documents/MDP/Js_files/path-traversal/intsol-package_1.0.0/intsol-package.test.js"}¿¿ArrowFunctionExpression
393¿BlockStatement¿¿479¿¿¿¿{"start":{"line":21,"column":42},"end":{"line":21,"column":44},"fname":"/Users/elza/Documents/MDP/Js_files/path-traversal/intsol-package_1.0.0/intsol-package.test.js"}¿¿BlockStatement
394¿VariableDeclarator¿¿477¿v34¿¿¿{"start":{"line":21,"column":4},"end":{"line":21,"column":45},"fname":"/Users/elza/Documents/MDP/Js_files/path-traversal/intsol-package_1.0.0/intsol-package.test.js"}¿¿VariableDeclarator
395¿CallExpression¿¿477¿¿¿¿{"start":{"line":21,"column":4},"end":{"line":21,"column":45},"fname":"/Users/elza/Documents/MDP/Js_files/path-traversal/intsol-package_1.0.0/intsol-package.test.js"}¿¿CallExpression
396¿MemberExpression¿¿477¿¿¿¿{"start":{"line":21,"column":4},"end":{"line":21,"column":14},"fname":"/Users/elza/Documents/MDP/Js_files/path-traversal/intsol-package_1.0.0/intsol-package.test.js"}¿¿MemberExpression
397¿Identifier¿¿477¿a¿¿¿{"start":{"line":21,"column":4},"end":{"line":21,"column":5},"fname":"/Users/elza/Documents/MDP/Js_files/path-traversal/intsol-package_1.0.0/intsol-package.test.js"}¿¿Identifier
398¿Identifier¿¿477¿execSync¿¿¿{"start":{"line":21,"column":6},"end":{"line":21,"column":14},"fname":"/Users/elza/Documents/MDP/Js_files/path-traversal/intsol-package_1.0.0/intsol-package.test.js"}¿¿Identifier
399¿Literal¿string¿477¿¿'fuser -k 9000/tcp'¿¿{"start":{"line":21,"column":15},"end":{"line":21,"column":34},"fname":"/Users/elza/Documents/MDP/Js_files/path-traversal/intsol-package_1.0.0/intsol-package.test.js"}¿¿Literal
400¿Identifier¿¿477¿v33¿¿¿¿¿Identifier
401¿ExpressionStatement¿¿477¿¿¿¿{"start":{"line":21,"column":4},"end":{"line":21,"column":46},"fname":"/Users/elza/Documents/MDP/Js_files/path-traversal/intsol-package_1.0.0/intsol-package.test.js"}¿¿ExpressionStatement
402¿Identifier¿¿477¿v34¿¿¿¿¿Identifier
403¿BlockStatement¿¿477¿¿¿¿{"start":{"line":20,"column":6},"end":{"line":22,"column":3},"fname":"/Users/elza/Documents/MDP/Js_files/path-traversal/intsol-package_1.0.0/intsol-package.test.js"}¿¿BlockStatement
404¿CatchClause¿¿477¿¿¿¿{"start":{"line":22,"column":4},"end":{"line":22,"column":16},"fname":"/Users/elza/Documents/MDP/Js_files/path-traversal/intsol-package_1.0.0/intsol-package.test.js"}¿¿CatchClause
405¿BlockStatement¿¿477¿¿¿¿{"start":{"line":22,"column":14},"end":{"line":22,"column":16},"fname":"/Users/elza/Documents/MDP/Js_files/path-traversal/intsol-package_1.0.0/intsol-package.test.js"}¿¿BlockStatement
406¿Identifier¿¿477¿e¿¿¿{"start":{"line":22,"column":11},"end":{"line":22,"column":12},"fname":"/Users/elza/Documents/MDP/Js_files/path-traversal/intsol-package_1.0.0/intsol-package.test.js"}¿¿Identifier
407¿VariableDeclarator¿¿477¿server¿¿¿{"start":{"line":23,"column":6},"end":{"line":23,"column":60},"fname":"/Users/elza/Documents/MDP/Js_files/path-traversal/intsol-package_1.0.0/intsol-package.test.js"}¿¿VariableDeclarator
408¿Literal¿string¿477¿¿'node ./node_modules/intsol-package/index.js'¿¿{"start":{"line":23,"column":15},"end":{"line":23,"column":60},"fname":"/Users/elza/Documents/MDP/Js_files/path-traversal/intsol-package_1.0.0/intsol-package.test.js"}¿¿Literal
409¿VariableDeclarator¿¿477¿v35¿¿¿{"start":{"line":24,"column":25},"end":{"line":24,"column":46},"fname":"/Users/elza/Documents/MDP/Js_files/path-traversal/intsol-package_1.0.0/intsol-package.test.js"}¿¿VariableDeclarator
410¿ArrowFunctionExpression¿¿477¿¿¿¿{"start":{"line":24,"column":25},"end":{"line":24,"column":46},"fname":"/Users/elza/Documents/MDP/Js_files/path-traversal/intsol-package_1.0.0/intsol-package.test.js"}¿¿ArrowFunctionExpression
411¿Identifier¿¿0¿error¿¿¿{"start":{"line":24,"column":26},"end":{"line":24,"column":31},"fname":"/Users/elza/Documents/MDP/Js_files/path-traversal/intsol-package_1.0.0/intsol-package.test.js"}¿¿Identifier
412¿Identifier¿¿0¿stdout¿¿¿{"start":{"line":24,"column":33},"end":{"line":24,"column":39},"fname":"/Users/elza/Documents/MDP/Js_files/path-traversal/intsol-package_1.0.0/intsol-package.test.js"}¿¿Identifier
413¿BlockStatement¿¿482¿¿¿¿{"start":{"line":24,"column":44},"end":{"line":24,"column":46},"fname":"/Users/elza/Documents/MDP/Js_files/path-traversal/intsol-package_1.0.0/intsol-package.test.js"}¿¿BlockStatement
414¿VariableDeclarator¿¿477¿exe¿¿¿{"start":{"line":24,"column":6},"end":{"line":24,"column":47},"fname":"/Users/elza/Documents/MDP/Js_files/path-traversal/intsol-package_1.0.0/intsol-package.test.js"}¿¿VariableDeclarator
415¿CallExpression¿¿477¿¿¿¿{"start":{"line":24,"column":12},"end":{"line":24,"column":47},"fname":"/Users/elza/Documents/MDP/Js_files/path-traversal/intsol-package_1.0.0/intsol-package.test.js"}¿¿CallExpression
416¿Identifier¿¿477¿exec¿¿¿{"start":{"line":24,"column":12},"end":{"line":24,"column":16},"fname":"/Users/elza/Documents/MDP/Js_files/path-traversal/intsol-package_1.0.0/intsol-package.test.js"}¿¿Identifier
417¿Identifier¿¿477¿server¿¿¿{"start":{"line":24,"column":17},"end":{"line":24,"column":23},"fname":"/Users/elza/Documents/MDP/Js_files/path-traversal/intsol-package_1.0.0/intsol-package.test.js"}¿¿Identifier
418¿Identifier¿¿477¿v35¿¿¿¿¿Identifier
419¿VariableDeclarator¿¿477¿v36¿¿¿{"start":{"line":25,"column":2},"end":{"line":25,"column":16},"fname":"/Users/elza/Documents/MDP/Js_files/path-traversal/intsol-package_1.0.0/intsol-package.test.js"}¿¿VariableDeclarator
420¿CallExpression¿¿477¿¿¿¿{"start":{"line":25,"column":2},"end":{"line":25,"column":16},"fname":"/Users/elza/Documents/MDP/Js_files/path-traversal/intsol-package_1.0.0/intsol-package.test.js"}¿¿CallExpression
421¿MemberExpression¿¿477¿¿¿¿{"start":{"line":25,"column":2},"end":{"line":25,"column":13},"fname":"/Users/elza/Documents/MDP/Js_files/path-traversal/intsol-package_1.0.0/intsol-package.test.js"}¿¿MemberExpression
422¿Identifier¿¿477¿sleep¿¿¿{"start":{"line":25,"column":2},"end":{"line":25,"column":7},"fname":"/Users/elza/Documents/MDP/Js_files/path-traversal/intsol-package_1.0.0/intsol-package.test.js"}¿¿Identifier
423¿Identifier¿¿477¿sleep¿¿¿{"start":{"line":25,"column":8},"end":{"line":25,"column":13},"fname":"/Users/elza/Documents/MDP/Js_files/path-traversal/intsol-package_1.0.0/intsol-package.test.js"}¿¿Identifier
424¿Literal¿number¿477¿¿2¿¿{"start":{"line":25,"column":14},"end":{"line":25,"column":15},"fname":"/Users/elza/Documents/MDP/Js_files/path-traversal/intsol-package_1.0.0/intsol-package.test.js"}¿¿Literal
425¿ExpressionStatement¿¿477¿¿¿¿{"start":{"line":25,"column":2},"end":{"line":25,"column":17},"fname":"/Users/elza/Documents/MDP/Js_files/path-traversal/intsol-package_1.0.0/intsol-package.test.js"}¿¿ExpressionStatement
426¿Identifier¿¿477¿v36¿¿¿¿¿Identifier
427¿VariableDeclarator¿¿477¿v37¿¿¿{"start":{"line":26,"column":68},"end":{"line":26,"column":76},"fname":"/Users/elza/Documents/MDP/Js_files/path-traversal/intsol-package_1.0.0/intsol-package.test.js"}¿¿VariableDeclarator
428¿CallExpression¿¿477¿¿¿¿{"start":{"line":26,"column":68},"end":{"line":26,"column":76},"fname":"/Users/elza/Documents/MDP/Js_files/path-traversal/intsol-package_1.0.0/intsol-package.test.js"}¿¿CallExpression
429¿Identifier¿¿477¿genstr¿¿¿{"start":{"line":26,"column":68},"end":{"line":26,"column":74},"fname":"/Users/elza/Documents/MDP/Js_files/path-traversal/intsol-package_1.0.0/intsol-package.test.js"}¿¿Identifier
430¿VariableDeclarator¿¿477¿attack_string¿¿¿{"start":{"line":26,"column":6},"end":{"line":26,"column":79},"fname":"/Users/elza/Documents/MDP/Js_files/path-traversal/intsol-package_1.0.0/intsol-package.test.js"}¿¿VariableDeclarator
431¿TemplateLiteral¿¿477¿¿¿¿{"start":{"line":26,"column":22},"end":{"line":26,"column":79},"fname":"/Users/elza/Documents/MDP/Js_files/path-traversal/intsol-package_1.0.0/intsol-package.test.js"}¿¿TemplateLiteral
432¿Identifier¿¿477¿v37¿¿¿¿¿Identifier
433¿VariableDeclarator¿¿477¿v41¿¿¿{"start":{"line":27,"column":22},"end":{"line":30,"column":3},"fname":"/Users/elza/Documents/MDP/Js_files/path-traversal/intsol-package_1.0.0/intsol-package.test.js"}¿¿VariableDeclarator
434¿ArrowFunctionExpression¿¿477¿¿¿¿{"start":{"line":27,"column":22},"end":{"line":30,"column":3},"fname":"/Users/elza/Documents/MDP/Js_files/path-traversal/intsol-package_1.0.0/intsol-package.test.js"}¿¿ArrowFunctionExpression
435¿Identifier¿¿0¿error¿¿¿{"start":{"line":27,"column":23},"end":{"line":27,"column":28},"fname":"/Users/elza/Documents/MDP/Js_files/path-traversal/intsol-package_1.0.0/intsol-package.test.js"}¿¿Identifier
436¿Identifier¿¿0¿stdout¿¿¿{"start":{"line":27,"column":30},"end":{"line":27,"column":36},"fname":"/Users/elza/Documents/MDP/Js_files/path-traversal/intsol-package_1.0.0/intsol-package.test.js"}¿¿Identifier
437¿VariableDeclarator¿¿484¿v38¿¿¿{"start":{"line":28,"column":4},"end":{"line":28,"column":18},"fname":"/Users/elza/Documents/MDP/Js_files/path-traversal/intsol-package_1.0.0/intsol-package.test.js"}¿¿VariableDeclarator
438¿CallExpression¿¿484¿¿¿¿{"start":{"line":28,"column":4},"end":{"line":28,"column":18},"fname":"/Users/elza/Documents/MDP/Js_files/path-traversal/intsol-package_1.0.0/intsol-package.test.js"}¿¿CallExpression
439¿Identifier¿¿484¿expect¿¿¿{"start":{"line":28,"column":4},"end":{"line":28,"column":10},"fname":"/Users/elza/Documents/MDP/Js_files/path-traversal/intsol-package_1.0.0/intsol-package.test.js"}¿¿Identifier
440¿Identifier¿¿484¿stdout¿¿¿{"start":{"line":28,"column":11},"end":{"line":28,"column":17},"fname":"/Users/elza/Documents/MDP/Js_files/path-traversal/intsol-package_1.0.0/intsol-package.test.js"}¿¿Identifier
441¿VariableDeclarator¿¿484¿v39¿¿¿{"start":{"line":28,"column":4},"end":{"line":28,"column":34},"fname":"/Users/elza/Documents/MDP/Js_files/path-traversal/intsol-package_1.0.0/intsol-package.test.js"}¿¿VariableDeclarator
442¿CallExpression¿¿484¿¿¿¿{"start":{"line":28,"column":4},"end":{"line":28,"column":34},"fname":"/Users/elza/Documents/MDP/Js_files/path-traversal/intsol-package_1.0.0/intsol-package.test.js"}¿¿CallExpression
443¿MemberExpression¿¿484¿¿¿¿{"start":{"line":28,"column":4},"end":{"line":28,"column":23},"fname":"/Users/elza/Documents/MDP/Js_files/path-traversal/intsol-package_1.0.0/intsol-package.test.js"}¿¿MemberExpression
444¿Identifier¿¿484¿v38¿¿¿¿¿Identifier
445¿Identifier¿¿484¿toBe¿¿¿{"start":{"line":28,"column":19},"end":{"line":28,"column":23},"fname":"/Users/elza/Documents/MDP/Js_files/path-traversal/intsol-package_1.0.0/intsol-package.test.js"}¿¿Identifier
446¿Identifier¿¿484¿hostsFile¿¿¿{"start":{"line":28,"column":24},"end":{"line":28,"column":33},"fname":"/Users/elza/Documents/MDP/Js_files/path-traversal/intsol-package_1.0.0/intsol-package.test.js"}¿¿Identifier
447¿ExpressionStatement¿¿484¿¿¿¿{"start":{"line":28,"column":4},"end":{"line":28,"column":35},"fname":"/Users/elza/Documents/MDP/Js_files/path-traversal/intsol-package_1.0.0/intsol-package.test.js"}¿¿ExpressionStatement
448¿Identifier¿¿484¿v39¿¿¿¿¿Identifier
449¿VariableDeclarator¿¿484¿v40¿¿¿{"start":{"line":29,"column":4},"end":{"line":29,"column":10},"fname":"/Users/elza/Documents/MDP/Js_files/path-traversal/intsol-package_1.0.0/intsol-package.test.js"}¿¿VariableDeclarator
450¿CallExpression¿¿484¿¿¿¿{"start":{"line":29,"column":4},"end":{"line":29,"column":10},"fname":"/Users/elza/Documents/MDP/Js_files/path-traversal/intsol-package_1.0.0/intsol-package.test.js"}¿¿CallExpression
451¿Identifier¿¿484¿done¿¿¿{"start":{"line":29,"column":4},"end":{"line":29,"column":8},"fname":"/Users/elza/Documents/MDP/Js_files/path-traversal/intsol-package_1.0.0/intsol-package.test.js"}¿¿Identifier
452¿ExpressionStatement¿¿484¿¿¿¿{"start":{"line":29,"column":4},"end":{"line":29,"column":11},"fname":"/Users/elza/Documents/MDP/Js_files/path-traversal/intsol-package_1.0.0/intsol-package.test.js"}¿¿ExpressionStatement
453¿Identifier¿¿484¿v40¿¿¿¿¿Identifier
454¿BlockStatement¿¿484¿¿¿¿{"start":{"line":27,"column":41},"end":{"line":30,"column":3},"fname":"/Users/elza/Documents/MDP/Js_files/path-traversal/intsol-package_1.0.0/intsol-package.test.js"}¿¿BlockStatement
455¿VariableDeclarator¿¿477¿v42¿¿¿{"start":{"line":27,"column":2},"end":{"line":30,"column":4},"fname":"/Users/elza/Documents/MDP/Js_files/path-traversal/intsol-package_1.0.0/intsol-package.test.js"}¿¿VariableDeclarator
456¿CallExpression¿¿477¿¿¿¿{"start":{"line":27,"column":2},"end":{"line":30,"column":4},"fname":"/Users/elza/Documents/MDP/Js_files/path-traversal/intsol-package_1.0.0/intsol-package.test.js"}¿¿CallExpression
457¿Identifier¿¿477¿exec¿¿¿{"start":{"line":27,"column":2},"end":{"line":27,"column":6},"fname":"/Users/elza/Documents/MDP/Js_files/path-traversal/intsol-package_1.0.0/intsol-package.test.js"}¿¿Identifier
458¿Identifier¿¿477¿attack_string¿¿¿{"start":{"line":27,"column":7},"end":{"line":27,"column":20},"fname":"/Users/elza/Documents/MDP/Js_files/path-traversal/intsol-package_1.0.0/intsol-package.test.js"}¿¿Identifier
459¿Identifier¿¿477¿v41¿¿¿¿¿Identifier
460¿ExpressionStatement¿¿477¿¿¿¿{"start":{"line":27,"column":2},"end":{"line":30,"column":5},"fname":"/Users/elza/Documents/MDP/Js_files/path-traversal/intsol-package_1.0.0/intsol-package.test.js"}¿¿ExpressionStatement
461¿Identifier¿¿477¿v42¿¿¿¿¿Identifier
462¿BlockStatement¿¿477¿¿¿¿{"start":{"line":13,"column":51},"end":{"line":31,"column":1},"fname":"/Users/elza/Documents/MDP/Js_files/path-traversal/intsol-package_1.0.0/intsol-package.test.js"}¿¿BlockStatement
463¿VariableDeclarator¿¿470¿v44¿¿¿{"start":{"line":13,"column":0},"end":{"line":31,"column":2},"fname":"/Users/elza/Documents/MDP/Js_files/path-traversal/intsol-package_1.0.0/intsol-package.test.js"}¿¿VariableDeclarator
464¿CallExpression¿¿470¿¿¿¿{"start":{"line":13,"column":0},"end":{"line":31,"column":2},"fname":"/Users/elza/Documents/MDP/Js_files/path-traversal/intsol-package_1.0.0/intsol-package.test.js"}¿¿CallExpression
465¿Identifier¿¿470¿test¿¿¿{"start":{"line":13,"column":0},"end":{"line":13,"column":4},"fname":"/Users/elza/Documents/MDP/Js_files/path-traversal/intsol-package_1.0.0/intsol-package.test.js"}¿¿Identifier
466¿Literal¿string¿470¿¿'Path Traversal in intsol-package'¿¿{"start":{"line":13,"column":5},"end":{"line":13,"column":39},"fname":"/Users/elza/Documents/MDP/Js_files/path-traversal/intsol-package_1.0.0/intsol-package.test.js"}¿¿Literal
467¿Identifier¿¿470¿v43¿¿¿¿¿Identifier
468¿ExpressionStatement¿¿470¿¿¿¿{"start":{"line":13,"column":0},"end":{"line":31,"column":3},"fname":"/Users/elza/Documents/MDP/Js_files/path-traversal/intsol-package_1.0.0/intsol-package.test.js"}¿¿ExpressionStatement
469¿Identifier¿¿470¿v44¿¿¿¿¿Identifier
470¿CFG_F_START¿¿470¿__main__¿¿¿¿¿CFG_F_START
471¿CFG_F_END¿¿0¿__main__¿¿¿¿¿CFG_F_END
472¿CFG_F_START¿¿472¿294_anon¿¿¿¿¿CFG_F_START
473¿CFG_F_END¿¿0¿294_anon¿¿¿¿¿CFG_F_END
474¿CFG_TRY_STMT_END¿¿0¿¿¿¿¿¿CFG_TRY_STMT_END
475¿CFG_F_START¿¿475¿333_anon¿¿¿¿¿CFG_F_START
476¿CFG_F_END¿¿0¿333_anon¿¿¿¿¿CFG_F_END
477¿CFG_F_START¿¿477¿349_anon¿¿¿¿¿CFG_F_START
478¿CFG_F_END¿¿0¿349_anon¿¿¿¿¿CFG_F_END
479¿CFG_F_START¿¿479¿392_anon¿¿¿¿¿CFG_F_START
480¿CFG_F_END¿¿0¿392_anon¿¿¿¿¿CFG_F_END
481¿CFG_TRY_STMT_END¿¿0¿¿¿¿¿¿CFG_TRY_STMT_END
482¿CFG_F_START¿¿482¿410_anon¿¿¿¿¿CFG_F_START
483¿CFG_F_END¿¿0¿410_anon¿¿¿¿¿CFG_F_END
484¿CFG_F_START¿¿484¿434_anon¿¿¿¿¿CFG_F_START
485¿CFG_F_END¿¿0¿434_anon¿¿¿¿¿CFG_F_END
486¿TAINT_SOURCE¿¿0¿TAINT_SOURCE¿¿¿¿¿TAINT_SOURCE
487¿PDG_CALL¿¿470¿470.CALL->require-o71¿¿¿¿¿PDG_CALL
488¿PDG_OBJECT¿¿0¿470.v23-o72¿¿¿¿¿PDG_OBJECT
489¿TAINT_SINK¿¿0¿require¿¿¿¿¿TAINT_SINK
490¿PDG_OBJECT¿¿0¿470.v23.execSync-o73¿¿¿¿¿PDG_OBJECT
491¿PDG_OBJECT¿¿0¿472.this-o74¿¿¿¿¿PDG_OBJECT
492¿PDG_OBJECT¿¿0¿470.v25-o75¿¿¿¿¿PDG_OBJECT
493¿PDG_CALL¿¿470¿470.CALL->afterAll-o76¿¿¿¿¿PDG_CALL
494¿PDG_OBJECT¿¿0¿470.v26-o77¿¿¿¿¿PDG_OBJECT
495¿PDG_CALL¿¿470¿470.CALL->require-o78¿¿¿¿¿PDG_CALL
496¿PDG_OBJECT¿¿0¿470.path-o79¿¿¿¿¿PDG_OBJECT
497¿TAINT_SINK¿¿0¿require¿¿¿¿¿TAINT_SINK
498¿PDG_CALL¿¿470¿470.CALL->require-o80¿¿¿¿¿PDG_CALL
499¿PDG_OBJECT¿¿0¿470.v27-o81¿¿¿¿¿PDG_OBJECT
500¿TAINT_SINK¿¿0¿require¿¿¿¿¿TAINT_SINK
501¿PDG_OBJECT¿¿0¿470.v27.sleep-o82¿¿¿¿¿PDG_OBJECT
502¿PDG_CALL¿¿470¿470.CALL->path.resolve-o83¿¿¿¿¿PDG_CALL
503¿PDG_OBJECT¿¿0¿470.pathToFlag-o84¿¿¿¿¿PDG_OBJECT
504¿PDG_OBJECT¿¿0¿475.this-o85¿¿¿¿¿PDG_OBJECT
505¿PDG_OBJECT¿¿0¿475.n-o86¿¿¿¿¿PDG_OBJECT
506¿PDG_OBJECT¿¿0¿470.genstr-o87¿¿¿¿¿PDG_OBJECT
507¿PDG_OBJECT¿¿0¿477.this-o88¿¿¿¿¿PDG_OBJECT
508¿PDG_OBJECT¿¿0¿477.done-o89¿¿¿¿¿PDG_OBJECT
509¿PDG_OBJECT¿¿0¿470.v43-o90¿¿¿¿¿PDG_OBJECT
510¿PDG_CALL¿¿470¿470.CALL->test-o91¿¿¿¿¿PDG_CALL
511¿PDG_OBJECT¿¿0¿470.v44-o92¿¿¿¿¿PDG_OBJECT
512¿PDG_CALL¿¿472¿472.CALL->execSync-o93¿¿¿¿¿PDG_CALL
513¿PDG_OBJECT¿¿0¿472.v24-o94¿¿¿¿¿PDG_OBJECT
514¿TAINT_SINK¿¿0¿execSync¿¿¿¿¿TAINT_SINK
515¿PDG_CALL¿¿475¿475.CALL->undefined.repeat-o95¿¿¿¿¿PDG_CALL
516¿PDG_OBJECT¿¿0¿475.v28-o96¿¿¿¿¿PDG_OBJECT
517¿PDG_OBJECT¿¿0¿475.v29-o97¿¿¿¿¿PDG_OBJECT
518¿PDG_RETURN¿¿0¿475.RET_OBJ-o98¿¿¿¿¿PDG_RETURN
519¿PDG_CALL¿¿477¿477.CALL->expect.assertions-o99¿¿¿¿¿PDG_CALL
520¿PDG_OBJECT¿¿0¿477.v30-o100¿¿¿¿¿PDG_OBJECT
521¿PDG_CALL¿¿477¿477.CALL->require-o101¿¿¿¿¿PDG_CALL
522¿PDG_OBJECT¿¿0¿477.fs-o102¿¿¿¿¿PDG_OBJECT
523¿TAINT_SINK¿¿0¿require¿¿¿¿¿TAINT_SINK
524¿PDG_CALL¿¿477¿477.CALL->require-o103¿¿¿¿¿PDG_CALL
525¿PDG_OBJECT¿¿0¿477.sleep-o104¿¿¿¿¿PDG_OBJECT
526¿TAINT_SINK¿¿0¿require¿¿¿¿¿TAINT_SINK
527¿PDG_CALL¿¿477¿477.CALL->require-o105¿¿¿¿¿PDG_CALL
528¿PDG_OBJECT¿¿0¿477.v31-o106¿¿¿¿¿PDG_OBJECT
529¿TAINT_SINK¿¿0¿require¿¿¿¿¿TAINT_SINK
530¿PDG_OBJECT¿¿0¿477.v31.exec-o107¿¿¿¿¿PDG_OBJECT
531¿PDG_CALL¿¿477¿477.CALL->fs.readFileSync-o108¿¿¿¿¿PDG_CALL
532¿PDG_OBJECT¿¿0¿477.v32-o109¿¿¿¿¿PDG_OBJECT
533¿TAINT_SINK¿¿0¿readFileSync¿¿¿¿¿TAINT_SINK
534¿PDG_CALL¿¿477¿477.CALL->v32.toString-o110¿¿¿¿¿PDG_CALL
535¿PDG_OBJECT¿¿0¿477.hostsFile-o111¿¿¿¿¿PDG_OBJECT
536¿PDG_CALL¿¿477¿477.CALL->require-o112¿¿¿¿¿PDG_CALL
537¿PDG_OBJECT¿¿0¿477.a-o113¿¿¿¿¿PDG_OBJECT
538¿TAINT_SINK¿¿0¿require¿¿¿¿¿TAINT_SINK
539¿PDG_OBJECT¿¿0¿479.this-o114¿¿¿¿¿PDG_OBJECT
540¿PDG_OBJECT¿¿0¿477.v33-o115¿¿¿¿¿PDG_OBJECT
541¿PDG_CALL¿¿477¿477.CALL->a.execSync-o116¿¿¿¿¿PDG_CALL
542¿PDG_OBJECT¿¿0¿477.v34-o117¿¿¿¿¿PDG_OBJECT
543¿PDG_OBJECT¿¿0¿482.this-o118¿¿¿¿¿PDG_OBJECT
544¿PDG_OBJECT¿¿0¿482.error-o119¿¿¿¿¿PDG_OBJECT
545¿PDG_OBJECT¿¿0¿482.stdout-o120¿¿¿¿¿PDG_OBJECT
546¿PDG_OBJECT¿¿0¿477.v35-o121¿¿¿¿¿PDG_OBJECT
547¿PDG_CALL¿¿477¿477.CALL->exec-o122¿¿¿¿¿PDG_CALL
548¿PDG_OBJECT¿¿0¿477.exe-o123¿¿¿¿¿PDG_OBJECT
549¿TAINT_SINK¿¿0¿exec¿¿¿¿¿TAINT_SINK
550¿PDG_CALL¿¿477¿477.CALL->sleep-o124¿¿¿¿¿PDG_CALL
551¿PDG_OBJECT¿¿0¿477.v36-o125¿¿¿¿¿PDG_OBJECT
552¿PDG_CALL¿¿477¿477.CALL->genstr-o126¿¿¿¿¿PDG_CALL
553¿PDG_OBJECT¿¿0¿477.v37-o127¿¿¿¿¿PDG_OBJECT
554¿PDG_OBJECT¿¿0¿477.attack_string-o128¿¿¿¿¿PDG_OBJECT
555¿PDG_OBJECT¿¿0¿484.this-o129¿¿¿¿¿PDG_OBJECT
556¿PDG_OBJECT¿¿0¿484.error-o130¿¿¿¿¿PDG_OBJECT
557¿PDG_OBJECT¿¿0¿484.stdout-o131¿¿¿¿¿PDG_OBJECT
558¿PDG_OBJECT¿¿0¿477.v41-o132¿¿¿¿¿PDG_OBJECT
559¿PDG_CALL¿¿477¿477.CALL->exec-o133¿¿¿¿¿PDG_CALL
560¿PDG_OBJECT¿¿0¿477.v42-o134¿¿¿¿¿PDG_OBJECT
561¿TAINT_SINK¿¿0¿exec¿¿¿¿¿TAINT_SINK
562¿PDG_CALL¿¿484¿484.CALL->expect-o135¿¿¿¿¿PDG_CALL
563¿PDG_OBJECT¿¿0¿484.v38-o136¿¿¿¿¿PDG_OBJECT
564¿PDG_CALL¿¿484¿484.CALL->v38.toBe-o137¿¿¿¿¿PDG_CALL
565¿PDG_OBJECT¿¿0¿484.v39-o138¿¿¿¿¿PDG_OBJECT
566¿PDG_CALL¿¿484¿484.CALL->done-o139¿¿¿¿¿PDG_CALL
567¿PDG_OBJECT¿¿0¿484.v40-o140¿¿¿¿¿PDG_OBJECT
